-99
-98.6
-98.2
-97.8
-97.4
-97
-96.6
-96.2
-95.8
-95.4
-95
-94.6
-94.2
-93.8
-93.4
-93
-92.6
-92.2
-91.8
-91.4
-91
-90.6
-90.2
-89.8
-89.4
-89
-88.6
-88.2
-87.8
-87.4
-87
-86.6
-86.2
-85.8
-85.4
-85
-84.6
-84.2
-83.8
-83.4
-83
-82.6
-82.2
-81.8
-81.4
-81
-80.6
-80.2
-79.8
-79.4
-79
-78.6
-78.2
-77.8
-77.4
-77
-76.6
-76.2
-75.8
-75.4
-75
-74.6
-74.2
-73.8
-73.4
-73
-72.6
-72.2
-71.8
-71.4
-71
-70.6
-70.2
-69.8
-69.4
-69
-68.6
-68.2
-67.8
-67.4
-67
-66.6
-66.2
-65.8
-65.4
-65
-64.6
-64.2
-63.8
-63.4
-63
-62.6
-62.2
-61.8
-61.4
-61
-60.6
-60.2
-59.8
-59.4
-59
-58.6
-58.2
-57.8
-57.4
-57
-56.6
-56.2
-55.8
-55.4
-55
-54.6
-54.2
-53.8
-53.4
-53
-52.6
-52.2
-51.8
-51.4
-51
-50.6
-50.2
-49.8
-49.4
-49
-48.6
-48.2
-47.8
-47.4
-47
-46.6
-46.2
-45.8
-45.4
-45
-44.6
-44.2
-43.8
-43.4
-43
-42.6
-42.2
-41.8
-41.4
-41
-40.6
-40.2
-39.8
-39.4
-39
-38.6
-38.2
-37.8
-37.4
-37
-36.6
-36.2
-35.8
-35.4
-35
-34.6
-34.2
-33.8
-33.4
-33
-32.6
-32.2
-31.8
-31.4
-31
-30.6
-30.2
-29.8
-29.4
-29
-28.6
-28.2
-27.8
-27.4
-27
-26.6
-26.2
-25.8
-25.4
-25
-24.6
-24.2
-23.8
-23.4
-23
-22.6
-22.2
-21.8
-21.4
-21
-20.6
-20.2
-19.8
-19.4
-19
-18.6
-18.2
-17.8
-17.4
-17
-16.6
-16.2
-15.8
-15.4
-15
-14.6
-14.2
-13.8
-13.4
-13
-12.6
-12.2
-11.8
-11.4
-11
-10.6
-10.2
-9.8
-9.4
-9
-8.6
-8.2
-7.8
-7.4
-7
-6.6
-6.2
-5.8
-5.4
-5
-4.6
-4.2
-3.8
-3.4
-3
-2.6
-2.2
-1.8
-1.4
-1
-0.6
-0.2
0.2
0.6
1
1.4
1.8
2.2
2.6
3
3.4
3.8
4.2
4.6
5
5.4
5.8
6.2
6.6
7
7.4
7.8
8.2
8.6
9
9.4
9.8
10.2
10.6
11
11.4
11.8
12.2
12.6
13
13.4
13.8
14.2
14.6
15
15.4
15.8
16.2
16.6
17
17.4
17.8
18.2
18.6
19
19.4
19.8
20.2
20.6
21
21.4
21.8
22.2
22.6
23
23.4
23.8
24.2
24.6
25
25.4
25.8
26.2
26.6
27
27.4
27.8
28.2
28.6
29
29.4
29.8
30.2
30.6
31
31.4
31.8
32.2
32.6
33
33.4
33.8
34.2
34.6
35
35.4
35.8
36.2
36.6
37
37.4
37.8
38.2
38.6
39
39.4
39.8
40.2
40.6
41
41.4
41.8
42.2
42.6
43
43.4
43.8
44.2
44.6
45
45.4
45.8
46.2
46.6
47
47.4
47.8
48.2
48.6
49
49.4
49.8
50.2
50.6
51
51.4
51.8
52.2
52.6
53
53.4
53.8
54.2
54.6
55
55.4
55.8
56.2
56.6
57
57.4
57.8
58.2
58.6
59
59.4
59.8
60.2
60.6
61
61.4
61.8
62.2
62.6
63
63.4
63.8
64.2
64.6
65
65.4
65.8
66.2
66.6
67
67.4
67.8
68.2
68.6
69
69.4
69.8
70.2
70.6
71
71.4
71.8
72.2
72.6
73
73.4
73.8
74.2
74.6
75
75.4
75.8
76.2
76.6
77
77.4
77.8
78.2
78.6
79
79.4
79.8
80.2
80.6
81
81.4
81.8
82.2
82.6
83
83.4
83.8
84.2
84.6
85
85.4
85.8
86.2
86.6
87
87.4
87.8
88.2
88.6
89
89.4
89.8
90.2
90.6
91
91.4
91.8
92.2
92.6
93
93.4
93.8
94.2
94.6
95
95.4
95.8
96.2
96.6
97
97.4
97.8
98.2
98.6
99
