0.0013471875
0.0013415625
0.0013359375
0.0013303125
0.0013246875
0.0013190625
0.0013134375
0.0013078125
0.0013021875
0.0012965625
0.0012909375
0.0012853125
0.0012796875
0.0012740625
0.0012684375
0.0012628125
0.0012571875
0.0012515625
0.0012459375
0.0012403125
0.0012346875
0.0012290625
0.0012234375
0.0012178125
0.0012121875
0.0012065625
0.0012009375
0.0011953125
0.0011896875
0.0011840625
0.0011784375
0.0011728125
0.0011671875
0.0011615625
0.0011559375
0.0011503125
0.0011446875
0.0011390625
0.0011334375
0.0011278125
0.0011221875
0.0011165625
0.0011109375
0.0011053125
0.0010996875
0.0010940625
0.0010884375
0.0010828125
0.0010771875
0.0010715625
0.0010659375
0.0010603125
0.0010546875
0.0010490625
0.0010434375
0.0010378125
0.0010321875
0.0010265625
0.0010209375
0.0010153125
0.0010096875
0.0010040625
0.0009984375
0.0009928125
0.0009871875
0.0009815625
0.0009759375
0.0009703125
0.0009646875
0.0009590625
0.0009534375
0.0009478125
0.0009421875
0.0009365625
0.0009309375
0.0009253125
0.0009196875
0.0009140625
0.0009084375
0.0009028125
0.0008971875
0.0008915625
0.0008859375
0.0008803125
0.0008746875
0.0008690625
0.0008634375
0.0008578125
0.0008521875
0.0008465625
0.0008409375
0.0008353125
0.0008296875
0.0008240625
0.0008184375
0.0008128125
0.0008071875
0.0008015625
0.0007959375
0.0007903125
0.0007846875
0.0007790625
0.0007734375
0.0007678125
0.0007621875
0.0007565625
0.0007509375
0.0007453125
0.0007396875
0.0007340625
0.0007284375
0.0007228125
0.0007171875
0.0007115625
0.0007059375
0.0007003125
0.0006946875
0.0006890625
0.0006834375
0.0006778125
0.0006721875
0.0006665625
0.0006609375
0.0006553125
0.0006496875
0.0006440625
0.0006384375
0.0006328125
0.0006271875
0.0006215625
0.0006159375
0.0006103125
0.0006046875
0.0005990625
0.0005934375
0.0005878125
0.0005821875
0.0005765625
0.0005709375
0.0005653125
0.0005596875
0.0005540625
0.0005484375
0.0005428125
0.0005371875
0.0005315625
0.0005259375
0.0005203125
0.0005146875
0.0005090625
0.0005034375
0.0004978125
0.0004921875
0.0004865625
0.0004809375
0.0004753125
0.0004696875
0.0004640625
0.0004584375
0.0004528125
0.0004471875
0.0004415625
0.0004359375
0.0004303125
0.0004246875
0.0004190625
0.0004134375
0.0004078125
0.0004021875
0.0003965625
0.0003909375
0.0003853125
0.0003796875
0.0003740625
0.0003684375
0.0003628125
0.0003571875
0.0003515625
0.0003459375
0.0003403125
0.0003346875
0.0003290625
0.0003234375
0.0003178125
0.0003121875
0.0003065625
0.0003009375
0.0002953125
0.0002896875
0.0002840625
0.0002784375
0.0002728125
0.0002671875
0.0002615625
0.0002559375
0.0002503125
0.0002446875
0.0002390625
0.0002334375
0.0002278125
0.0002221875
0.0002165625
0.0002109375
0.0002053125
0.0001996875
0.0001940625
0.0001884375
0.0001828125
0.0001771875
0.0001715625
0.0001659375
0.0001603125
0.0001546875
0.0001490625
0.0001434375
0.0001378125
0.0001321875
0.0001265625
0.0001209375
0.0001153125
0.0001096875
0.0001040625
9.84375e-05
9.28125e-05
8.71875e-05
8.15625e-05
7.59375e-05
7.03125e-05
6.46875e-05
5.90625e-05
5.34375e-05
4.78125e-05
4.21875e-05
3.65625e-05
3.09375e-05
2.53125e-05
1.96875e-05
1.40625e-05
8.4375e-06
2.8125e-06
-2.8125e-06
-8.4375e-06
-1.40625e-05
-1.96875e-05
-2.53125e-05
-3.09375e-05
-3.65625e-05
-4.21875e-05
-4.78125e-05
-5.34375e-05
-5.90625e-05
-6.46875e-05
-7.03125e-05
-7.59375e-05
-8.15625e-05
-8.71875e-05
-9.28125e-05
-9.84375e-05
-0.0001040625
-0.0001096875
-0.0001153125
-0.0001209375
-0.0001265625
-0.0001321875
-0.0001378125
-0.0001434375
-0.0001490625
-0.0001546875
-0.0001603125
-0.0001659375
-0.0001715625
-0.0001771875
-0.0001828125
-0.0001884375
-0.0001940625
-0.0001996875
-0.0002053125
-0.0002109375
-0.0002165625
-0.0002221875
-0.0002278125
-0.0002334375
-0.0002390625
-0.0002446875
-0.0002503125
-0.0002559375
-0.0002615625
-0.0002671875
-0.0002728125
-0.0002784375
-0.0002840625
-0.0002896875
-0.0002953125
-0.0003009375
-0.0003065625
-0.0003121875
-0.0003178125
-0.0003234375
-0.0003290625
-0.0003346875
-0.0003403125
-0.0003459375
-0.0003515625
-0.0003571875
-0.0003628125
-0.0003684375
-0.0003740625
-0.0003796875
-0.0003853125
-0.0003909375
-0.0003965625
-0.0004021875
-0.0004078125
-0.0004134375
-0.0004190625
-0.0004246875
-0.0004303125
-0.0004359375
-0.0004415625
-0.0004471875
-0.0004528125
-0.0004584375
-0.0004640625
-0.0004696875
-0.0004753125
-0.0004809375
-0.0004865625
-0.0004921875
-0.0004978125
-0.0005034375
-0.0005090625
-0.0005146875
-0.0005203125
-0.0005259375
-0.0005315625
-0.0005371875
-0.0005428125
-0.0005484375
-0.0005540625
-0.0005596875
-0.0005653125
-0.0005709375
-0.0005765625
-0.0005821875
-0.0005878125
-0.0005934375
-0.0005990625
-0.0006046875
-0.0006103125
-0.0006159375
-0.0006215625
-0.0006271875
-0.0006328125
-0.0006384375
-0.0006440625
-0.0006496875
-0.0006553125
-0.0006609375
-0.0006665625
-0.0006721875
-0.0006778125
-0.0006834375
-0.0006890625
-0.0006946875
-0.0007003125
-0.0007059375
-0.0007115625
-0.0007171875
-0.0007228125
-0.0007284375
-0.0007340625
-0.0007396875
-0.0007453125
-0.0007509375
-0.0007565625
-0.0007621875
-0.0007678125
-0.0007734375
-0.0007790625
-0.0007846875
-0.0007903125
-0.0007959375
-0.0008015625
-0.0008071875
-0.0008128125
-0.0008184375
-0.0008240625
-0.0008296875
-0.0008353125
-0.0008409375
-0.0008465625
-0.0008521875
-0.0008578125
-0.0008634375
-0.0008690625
-0.0008746875
-0.0008803125
-0.0008859375
-0.0008915625
-0.0008971875
-0.0009028125
-0.0009084375
-0.0009140625
-0.0009196875
-0.0009253125
-0.0009309375
-0.0009365625
-0.0009421875
-0.0009478125
-0.0009534375
-0.0009590625
-0.0009646875
-0.0009703125
-0.0009759375
-0.0009815625
-0.0009871875
-0.0009928125
-0.0009984375
-0.0010040625
-0.0010096875
-0.0010153125
-0.0010209375
-0.0010265625
-0.0010321875
-0.0010378125
-0.0010434375
-0.0010490625
-0.0010546875
-0.0010603125
-0.0010659375
-0.0010715625
-0.0010771875
-0.0010828125
-0.0010884375
-0.0010940625
-0.0010996875
-0.0011053125
-0.0011109375
-0.0011165625
-0.0011221875
-0.0011278125
-0.0011334375
-0.0011390625
-0.0011446875
-0.0011503125
-0.0011559375
-0.0011615625
-0.0011671875
-0.0011728125
-0.0011784375
-0.0011840625
-0.0011896875
-0.0011953125
-0.0012009375
-0.0012065625
-0.0012121875
-0.0012178125
-0.0012234375
-0.0012290625
-0.0012346875
-0.0012403125
-0.0012459375
-0.0012515625
-0.0012571875
-0.0012628125
-0.0012684375
-0.0012740625
-0.0012796875
-0.0012853125
-0.0012909375
-0.0012965625
-0.0013021875
-0.0013078125
-0.0013134375
-0.0013190625
-0.0013246875
-0.0013303125
-0.0013359375
-0.0013415625
-0.0013471875
