0.000299375
0.000298125
0.000296875
0.000295625
0.000294375
0.000293125
0.000291875
0.000290625
0.000289375
0.000288125
0.000286875
0.000285625
0.000284375
0.000283125
0.000281875
0.000280625
0.000279375
0.000278125
0.000276875
0.000275625
0.000274375
0.000273125
0.000271875
0.000270625
0.000269375
0.000268125
0.000266875
0.000265625
0.000264375
0.000263125
0.000261875
0.000260625
0.000259375
0.000258125
0.000256875
0.000255625
0.000254375
0.000253125
0.000251875
0.000250625
0.000249375
0.000248125
0.000246875
0.000245625
0.000244375
0.000243125
0.000241875
0.000240625
0.000239375
0.000238125
0.000236875
0.000235625
0.000234375
0.000233125
0.000231875
0.000230625
0.000229375
0.000228125
0.000226875
0.000225625
0.000224375
0.000223125
0.000221875
0.000220625
0.000219375
0.000218125
0.000216875
0.000215625
0.000214375
0.000213125
0.000211875
0.000210625
0.000209375
0.000208125
0.000206875
0.000205625
0.000204375
0.000203125
0.000201875
0.000200625
0.000199375
0.000198125
0.000196875
0.000195625
0.000194375
0.000193125
0.000191875
0.000190625
0.000189375
0.000188125
0.000186875
0.000185625
0.000184375
0.000183125
0.000181875
0.000180625
0.000179375
0.000178125
0.000176875
0.000175625
0.000174375
0.000173125
0.000171875
0.000170625
0.000169375
0.000168125
0.000166875
0.000165625
0.000164375
0.000163125
0.000161875
0.000160625
0.000159375
0.000158125
0.000156875
0.000155625
0.000154375
0.000153125
0.000151875
0.000150625
0.000149375
0.000148125
0.000146875
0.000145625
0.000144375
0.000143125
0.000141875
0.000140625
0.000139375
0.000138125
0.000136875
0.000135625
0.000134375
0.000133125
0.000131875
0.000130625
0.000129375
0.000128125
0.000126875
0.000125625
0.000124375
0.000123125
0.000121875
0.000120625
0.000119375
0.000118125
0.000116875
0.000115625
0.000114375
0.000113125
0.000111875
0.000110625
0.000109375
0.000108125
0.000106875
0.000105625
0.000104375
0.000103125
0.000101875
0.000100625
9.9375e-05
9.8125e-05
9.6875e-05
9.5625e-05
9.4375e-05
9.3125e-05
9.1875e-05
9.0625e-05
8.9375e-05
8.8125e-05
8.6875e-05
8.5625e-05
8.4375e-05
8.3125e-05
8.1875e-05
8.0625e-05
7.9375e-05
7.8125e-05
7.6875e-05
7.5625e-05
7.4375e-05
7.3125e-05
7.1875e-05
7.0625e-05
6.9375e-05
6.8125e-05
6.6875e-05
6.5625e-05
6.4375e-05
6.3125e-05
6.1875e-05
6.0625e-05
5.9375e-05
5.8125e-05
5.6875e-05
5.5625e-05
5.4375e-05
5.3125e-05
5.1875e-05
5.0625e-05
4.9375e-05
4.8125e-05
4.6875e-05
4.5625e-05
4.4375e-05
4.3125e-05
4.1875e-05
4.0625e-05
3.9375e-05
3.8125e-05
3.6875e-05
3.5625e-05
3.4375e-05
3.3125e-05
3.1875e-05
3.0625e-05
2.9375e-05
2.8125e-05
2.6875e-05
2.5625e-05
2.4375e-05
2.3125e-05
2.1875e-05
2.0625e-05
1.9375e-05
1.8125e-05
1.6875e-05
1.5625e-05
1.4375e-05
1.3125e-05
1.1875e-05
1.0625e-05
9.375e-06
8.125e-06
6.875e-06
5.625e-06
4.375e-06
3.125e-06
1.875e-06
6.25e-07
-6.25e-07
-1.875e-06
-3.125e-06
-4.375e-06
-5.625e-06
-6.875e-06
-8.125e-06
-9.375e-06
-1.0625e-05
-1.1875e-05
-1.3125e-05
-1.4375e-05
-1.5625e-05
-1.6875e-05
-1.8125e-05
-1.9375e-05
-2.0625e-05
-2.1875e-05
-2.3125e-05
-2.4375e-05
-2.5625e-05
-2.6875e-05
-2.8125e-05
-2.9375e-05
-3.0625e-05
-3.1875e-05
-3.3125e-05
-3.4375e-05
-3.5625e-05
-3.6875e-05
-3.8125e-05
-3.9375e-05
-4.0625e-05
-4.1875e-05
-4.3125e-05
-4.4375e-05
-4.5625e-05
-4.6875e-05
-4.8125e-05
-4.9375e-05
-5.0625e-05
-5.1875e-05
-5.3125e-05
-5.4375e-05
-5.5625e-05
-5.6875e-05
-5.8125e-05
-5.9375e-05
-6.0625e-05
-6.1875e-05
-6.3125e-05
-6.4375e-05
-6.5625e-05
-6.6875e-05
-6.8125e-05
-6.9375e-05
-7.0625e-05
-7.1875e-05
-7.3125e-05
-7.4375e-05
-7.5625e-05
-7.6875e-05
-7.8125e-05
-7.9375e-05
-8.0625e-05
-8.1875e-05
-8.3125e-05
-8.4375e-05
-8.5625e-05
-8.6875e-05
-8.8125e-05
-8.9375e-05
-9.0625e-05
-9.1875e-05
-9.3125e-05
-9.4375e-05
-9.5625e-05
-9.6875e-05
-9.8125e-05
-9.9375e-05
-0.000100625
-0.000101875
-0.000103125
-0.000104375
-0.000105625
-0.000106875
-0.000108125
-0.000109375
-0.000110625
-0.000111875
-0.000113125
-0.000114375
-0.000115625
-0.000116875
-0.000118125
-0.000119375
-0.000120625
-0.000121875
-0.000123125
-0.000124375
-0.000125625
-0.000126875
-0.000128125
-0.000129375
-0.000130625
-0.000131875
-0.000133125
-0.000134375
-0.000135625
-0.000136875
-0.000138125
-0.000139375
-0.000140625
-0.000141875
-0.000143125
-0.000144375
-0.000145625
-0.000146875
-0.000148125
-0.000149375
-0.000150625
-0.000151875
-0.000153125
-0.000154375
-0.000155625
-0.000156875
-0.000158125
-0.000159375
-0.000160625
-0.000161875
-0.000163125
-0.000164375
-0.000165625
-0.000166875
-0.000168125
-0.000169375
-0.000170625
-0.000171875
-0.000173125
-0.000174375
-0.000175625
-0.000176875
-0.000178125
-0.000179375
-0.000180625
-0.000181875
-0.000183125
-0.000184375
-0.000185625
-0.000186875
-0.000188125
-0.000189375
-0.000190625
-0.000191875
-0.000193125
-0.000194375
-0.000195625
-0.000196875
-0.000198125
-0.000199375
-0.000200625
-0.000201875
-0.000203125
-0.000204375
-0.000205625
-0.000206875
-0.000208125
-0.000209375
-0.000210625
-0.000211875
-0.000213125
-0.000214375
-0.000215625
-0.000216875
-0.000218125
-0.000219375
-0.000220625
-0.000221875
-0.000223125
-0.000224375
-0.000225625
-0.000226875
-0.000228125
-0.000229375
-0.000230625
-0.000231875
-0.000233125
-0.000234375
-0.000235625
-0.000236875
-0.000238125
-0.000239375
-0.000240625
-0.000241875
-0.000243125
-0.000244375
-0.000245625
-0.000246875
-0.000248125
-0.000249375
-0.000250625
-0.000251875
-0.000253125
-0.000254375
-0.000255625
-0.000256875
-0.000258125
-0.000259375
-0.000260625
-0.000261875
-0.000263125
-0.000264375
-0.000265625
-0.000266875
-0.000268125
-0.000269375
-0.000270625
-0.000271875
-0.000273125
-0.000274375
-0.000275625
-0.000276875
-0.000278125
-0.000279375
-0.000280625
-0.000281875
-0.000283125
-0.000284375
-0.000285625
-0.000286875
-0.000288125
-0.000289375
-0.000290625
-0.000291875
-0.000293125
-0.000294375
-0.000295625
-0.000296875
-0.000298125
-0.000299375
