-0.0065846233
-0.0064623651
-0.0063412964
-0.0062214122
-0.0061027076
-0.0059851776
-0.0058688171
-0.0057536212
-0.0056395849
-0.0055267032
-0.0054149711
-0.0053043837
-0.0051949358
-0.0050866227
-0.0049794392
-0.0048733804
-0.0047684413
-0.0046646169
-0.0045619022
-0.0044602923
-0.0043597821
-0.0042603666
-0.0041620409
-0.0040648
-0.0039686389
-0.0038735526
-0.0037795361
-0.0036865845
-0.0035946927
-0.0035038557
-0.0034140686
-0.0033253264
-0.0032376241
-0.0031509567
-0.0030653192
-0.0029807067
-0.0028971141
-0.0028145364
-0.0027329687
-0.002652406
-0.0025728433
-0.0024942756
-0.002416698
-0.0023401053
-0.0022644927
-0.0021898551
-0.0021161877
-0.0020434853
-0.0019717429
-0.0019009557
-0.0018311187
-0.0017622267
-0.0016942749
-0.0016272583
-0.0015611718
-0.0014960105
-0.0014317694
-0.0013684435
-0.0013060278
-0.0012445173
-0.0011839071
-0.0011241922
-0.0010653675
-0.0010074281
-0.00095036897
-0.00089418517
-0.00083887169
-0.00078442354
-0.00073083573
-0.00067810328
-0.00062622119
-0.00057518449
-0.00052498818
-0.00047562728
-0.0004270968
-0.00037939175
-0.00033250714
-0.00028643799
-0.00024117931
-0.0001967261
-0.0001530734
-0.00011021619
-6.8149512e-05
-2.686836e-05
1.3632248e-05
5.3357299e-05
9.2311782e-05
0.00013050068
0.00016792899
0.00020460169
0.00024052378
0.00027570023
0.00031013604
0.00034383619
0.00037680567
0.00040904947
0.00044057258
0.00047137998
0.00050147666
0.00053086762
0.00055955782
0.00058755228
0.00061485596
0.00064147386
0.00066741097
0.00069267227
0.00071726275
0.0007411874
0.00076445121
0.00078705916
0.00080901625
0.00083032745
0.00085099776
0.00087103216
0.00089043564
0.00090921319
0.0009273698
0.00094491045
0.00096184013
0.00097816383
0.00099388654
0.0010090132
0.0010235489
0.0010374986
0.0010508672
0.0010636597
0.0010758812
0.0010875366
0.0010986309
0.0011091691
0.0011191562
0.0011285972
0.001137497
0.0011458606
0.0011536931
0.0011609994
0.0011677845
0.0011740534
0.0011798111
0.0011850626
0.0011898128
0.0011940667
0.0011978294
0.0012011058
0.0012039009
0.0012062197
0.0012080672
0.0012094483
0.0012103681
0.0012108316
0.0012108437
0.0012104094
0.0012095337
0.0012082216
0.0012064781
0.0012043081
0.0012017167
0.0011987089
0.0011952896
0.0011914638
0.0011872365
0.0011826127
0.0011775974
0.0011721955
0.0011664121
0.0011602522
0.0011537207
0.0011468226
0.0011395629
0.0011319466
0.0011239787
0.0011156641
0.0011070079
0.0010980151
0.0010886905
0.0010790393
0.0010690665
0.0010587769
0.0010481755
0.0010372675
0.0010260577
0.0010145512
0.0010027528
0.00099066773
0.00097830084
0.00096565714
0.00095274163
0.00093955928
0.00092611509
0.00091241404
0.00089846112
0.00088426132
0.00086981963
0.00085514103
0.00084023051
0.00082509307
0.00080973367
0.00079415733
0.00077836901
0.00076237371
0.00074617642
0.00072978212
0.0007131958
0.00069642245
0.00067946706
0.00066233461
0.0006450301
0.0006275585
0.0006099248
0.00059213401
0.00057419109
0.00055610104
0.00053786885
0.0005194995
0.00050099798
0.00048236928
0.00046361839
0.00044475029
0.00042576998
0.00040668243
0.00038749264
0.00036820559
0.00034882627
0.00032935967
0.00030981078
0.00029018458
0.00027048606
0.00025072022
0.00023089202
0.00021100647
0.00019106856
0.00017108326
0.00015105557
0.00013099047
0.00011089295
9.0768002e-05
7.062061e-05
5.0455762e-05
3.0278445e-05
1.0093646e-05
-1.0093646e-05
-3.0278445e-05
-5.0455762e-05
-7.062061e-05
-9.0768002e-05
-0.00011089295
-0.00013099047
-0.00015105557
-0.00017108326
-0.00019106856
-0.00021100647
-0.00023089202
-0.00025072022
-0.00027048606
-0.00029018458
-0.00030981078
-0.00032935967
-0.00034882627
-0.00036820559
-0.00038749264
-0.00040668243
-0.00042576998
-0.00044475029
-0.00046361839
-0.00048236928
-0.00050099798
-0.0005194995
-0.00053786885
-0.00055610104
-0.00057419109
-0.00059213401
-0.0006099248
-0.0006275585
-0.0006450301
-0.00066233461
-0.00067946706
-0.00069642245
-0.0007131958
-0.00072978212
-0.00074617642
-0.00076237371
-0.00077836901
-0.00079415733
-0.00080973367
-0.00082509307
-0.00084023051
-0.00085514103
-0.00086981963
-0.00088426132
-0.00089846112
-0.00091241404
-0.00092611509
-0.00093955928
-0.00095274163
-0.00096565714
-0.00097830084
-0.00099066773
-0.0010027528
-0.0010145512
-0.0010260577
-0.0010372675
-0.0010481755
-0.0010587769
-0.0010690665
-0.0010790393
-0.0010886905
-0.0010980151
-0.0011070079
-0.0011156641
-0.0011239787
-0.0011319466
-0.0011395629
-0.0011468226
-0.0011537207
-0.0011602522
-0.0011664121
-0.0011721955
-0.0011775974
-0.0011826127
-0.0011872365
-0.0011914638
-0.0011952896
-0.0011987089
-0.0012017167
-0.0012043081
-0.0012064781
-0.0012082216
-0.0012095337
-0.0012104094
-0.0012108437
-0.0012108316
-0.0012103681
-0.0012094483
-0.0012080672
-0.0012062197
-0.0012039009
-0.0012011058
-0.0011978294
-0.0011940667
-0.0011898128
-0.0011850626
-0.0011798111
-0.0011740534
-0.0011677845
-0.0011609994
-0.0011536931
-0.0011458606
-0.001137497
-0.0011285972
-0.0011191562
-0.0011091691
-0.0010986309
-0.0010875366
-0.0010758812
-0.0010636597
-0.0010508672
-0.0010374986
-0.0010235489
-0.0010090132
-0.00099388654
-0.00097816383
-0.00096184013
-0.00094491045
-0.0009273698
-0.00090921319
-0.00089043564
-0.00087103216
-0.00085099776
-0.00083032745
-0.00080901625
-0.00078705916
-0.00076445121
-0.0007411874
-0.00071726275
-0.00069267227
-0.00066741097
-0.00064147386
-0.00061485596
-0.00058755228
-0.00055955782
-0.00053086762
-0.00050147666
-0.00047137998
-0.00044057258
-0.00040904947
-0.00037680567
-0.00034383619
-0.00031013604
-0.00027570023
-0.00024052378
-0.00020460169
-0.00016792899
-0.00013050068
-9.2311782e-05
-5.3357299e-05
-1.3632248e-05
2.686836e-05
6.8149512e-05
0.00011021619
0.0001530734
0.0001967261
0.00024117931
0.00028643799
0.00033250714
0.00037939175
0.0004270968
0.00047562728
0.00052498818
0.00057518449
0.00062622119
0.00067810328
0.00073083573
0.00078442354
0.00083887169
0.00089418517
0.00095036897
0.0010074281
0.0010653675
0.0011241922
0.0011839071
0.0012445173
0.0013060278
0.0013684435
0.0014317694
0.0014960105
0.0015611718
0.0016272583
0.0016942749
0.0017622267
0.0018311187
0.0019009557
0.0019717429
0.0020434853
0.0021161877
0.0021898551
0.0022644927
0.0023401053
0.002416698
0.0024942756
0.0025728433
0.002652406
0.0027329687
0.0028145364
0.0028971141
0.0029807067
0.0030653192
0.0031509567
0.0032376241
0.0033253264
0.0034140686
0.0035038557
0.0035946927
0.0036865845
0.0037795361
0.0038735526
0.0039686389
0.0040648
0.0041620409
0.0042603666
0.0043597821
0.0044602923
0.0045619022
0.0046646169
0.0047684413
0.0048733804
0.0049794392
0.0050866227
0.0051949358
0.0053043837
0.0054149711
0.0055267032
0.0056395849
0.0057536212
0.0058688171
0.0059851776
0.0061027076
0.0062214122
0.0063412964
0.0064623651
0.0065846233
